1 0.056878125 0.9325390625000001 0.0638234375 0.9355156250000001 0.0724203125 0.9372515625 0.08101875 0.9372515625 0.08994687500000001 0.934028125 0.0959 0.9330359375 0.10846562500000001 0.9270828124999999 0.112103125 0.92261875 0.115409375 0.9159218750000001 0.116071875 0.9079859375 0.111771875 0.9002968750000001 0.100859375 0.8903765625 0.0925921875 0.8869046875000001 0.0836640625 0.8854171875000001 0.0800265625 0.88665625 0.07572812500000001 0.88665625 0.0598546875 0.8923609375 0.05092656250000001 0.90005 0.046296875 0.91021875 0.045965624999999996 0.9201390625 0.049271875 0.9273312499999999 0.0522484375 0.9283234374999999 0.056878125 0.9325390625000001
1 0.8373015625000001 0.23115156250000002 0.8468921875 0.2318953125 0.8574734375 0.2294140625 0.8627640624999999 0.22643906249999998 0.8667328124999999 0.2202375 0.8677250000000001 0.20882968750000003 0.8660718749999999 0.20386875 0.8627640624999999 0.19965312500000001 0.8535046875000001 0.191715625 0.843584375 0.1889875 0.8373015625000001 0.1889875 0.833003125 0.1899796875 0.8280421875 0.191715625 0.8244046875000001 0.1946921875 0.8204359374999999 0.201140625 0.8197749999999999 0.209078125 0.8220906250000001 0.21875 0.832671875 0.2291671875 0.8373015625000001 0.23115156250000002
1 0.8763234375 0.8035718749999999 0.8845906250000001 0.8040671875 0.88988125 0.803075 0.891865625 0.7986109375 0.8961640624999999 0.7983625 0.8998015625000001 0.796875 0.9057546875 0.7911703125 0.9067453125 0.7862109375 0.906415625 0.774553125 0.9047625 0.771825 0.8964953124999999 0.7653765625 0.8885578125 0.7641375 0.8806218749999999 0.764384375 0.8769843749999999 0.7653765625 0.8660718749999999 0.7755453125 0.86375625 0.78050625 0.8627640624999999 0.78819375 0.8644187499999999 0.7946421875 0.8690468750000001 0.799603125 0.8763234375 0.8035718749999999
1 0 0.22346249999999998 0.005621875 0.222965625 0.013228124999999999 0.220734375 0.016203125 0.21850156250000002 0.0224875 0.21180625000000003 0.025793749999999997 0.2026296875 0.024140625 0.1937 0.0208328125 0.18824375 0.0122359375 0.1798109375 0.005621875 0.17584375000000002 0.001653125 0.1750984375 0 0.1750984375 0 0.22346249999999998
1 0.3267203125 0.386409375 0.3300265625 0.3849203125 0.332340625 0.3807046875 0.3313484375 0.3767359375 0.329034375 0.37425625 0.32275156250000003 0.3725203125 0.31944374999999997 0.3725203125 0.3154765625 0.3735125 0.31349218749999996 0.3752484375 0.31283125 0.3807046875 0.3161375 0.3849203125 0.32175937499999996 0.3869046875 0.3267203125 0.386409375
1 0.2748015625 0.42633906250000003 0.2767859375 0.42633906250000003 0.2843921875 0.4236109375 0.2860453125 0.41765937500000005 0.2857140625 0.415921875 0.28306875 0.4134421875 0.273809375 0.4114578125 0.27116406249999997 0.41170625000000005 0.2678578125 0.413690625 0.266534375 0.41567499999999996 0.266534375 0.419890625 0.2688484375 0.423859375 0.2748015625 0.42633906250000003
1 0.303571875 0.6758437500000001 0.307209375 0.6748515625 0.31216875 0.6698906250000001 0.31150781250000004 0.665675 0.30853125000000003 0.6619546875 0.306546875 0.6612109375 0.2986109375 0.6612109375 0.2949734375 0.663690625 0.2929890625 0.6669140625 0.292328125 0.670634375 0.2946421875 0.6736109375 0.2982796875 0.6758437500000001 0.303571875 0.6758437500000001
1 0.33465625 0.6855156250000001 0.33366406249999997 0.6813 0.3300265625 0.6795640625 0.32572812500000003 0.6803078124999999 0.32308125 0.6837796875000001 0.32275156250000003 0.6857640625 0.3260578125 0.6884921875 0.3320109375 0.68824375 0.33465625 0.6855156250000001
1 0.3594578125 0.7056046874999999 0.3640875 0.7013890625 0.3640875 0.697171875 0.3614421875 0.6939484375 0.358796875 0.6927078125 0.35350468749999997 0.6924609375 0.3498671875 0.6937 0.3459 0.69766875 0.3452375 0.7011406250000001 0.3495375 0.7061015625 0.3541671875 0.706596875 0.3594578125 0.7056046874999999
1 0.6974203125 0.6329359375 0.6994046875000001 0.6302078125 0.6997359375000001 0.6264875 0.696759375 0.6225203125000001 0.6888234375 0.6210312499999999 0.6838625 0.6247515625 0.6832015625000001 0.6294640625000001 0.6851859375 0.6321921875000001 0.6917984374999999 0.634671875 0.6974203125 0.6329359375
1 0.678240625 0.650296875 0.68055625 0.646578125 0.67989375 0.6426093749999999 0.6775796875 0.6411203125 0.6729499999999999 0.640625 0.6703046875 0.6416171875 0.6689812500000001 0.643353125 0.6679890625 0.6463296875 0.6699734375 0.649553125 0.6729499999999999 0.6510421875 0.678240625 0.650296875
1 0.65443125 0.6721234375 0.6577375 0.67113125 0.66170625 0.667659375 0.663359375 0.66170625 0.6587296874999999 0.6564984375 0.6531078124999999 0.65625 0.6504624999999999 0.6564984375 0.6451718750000001 0.662203125 0.644840625 0.6661703125 0.6461640625 0.6686515625 0.6501328125 0.6716265625 0.65443125 0.6721234375
1 0.6775796875 0.41021875 0.68055625 0.408234375 0.681546875 0.4037703125 0.67989375 0.40004999999999996 0.677909375 0.398809375 0.674271875 0.3978171875 0.6696421875 0.398065625 0.6660046875 0.40178593749999997 0.665675 0.40550625 0.6693125 0.40972187499999996 0.6736109375 0.41121093750000004 0.6775796875 0.41021875
1 0.6269843749999999 0.378471875 0.6312828125000001 0.3782234375 0.634259375 0.37698437500000004 0.6369046875000001 0.3727671875 0.6369046875000001 0.369046875 0.6349203125 0.366071875 0.6276453125 0.3640875 0.6226859375 0.366071875 0.6207015625000001 0.369046875 0.6210312499999999 0.3732640625 0.6226859375 0.37599218749999996 0.6269843749999999 0.378471875