1 0.18700468750000002 0.7509921875 0.1984125 0.7519843749999999 0.20039687499999997 0.751653125 0.201140625 0.7473546875 0.20882968750000003 0.7433859375 0.214534375 0.736771875 0.21850156250000002 0.7166 0.2162703125 0.7083328125 0.21230156249999999 0.700728125 0.20486093749999998 0.6954359375 0.1974203125 0.694775 0.19146875000000002 0.6960984375 0.1813 0.704365625 0.1770828125 0.710978125 0.17410781250000001 0.72056875 0.17237031249999998 0.7285046875 0.17286718750000002 0.7324734375 0.1790671875 0.7450390625 0.18700468750000002 0.7509921875
1 0.244046875 0.1292984375 0.255953125 0.1276453125 0.26463281250000004 0.1203703125 0.26636875 0.1150796875 0.2658734375 0.1074734375 0.2626484375 0.1018515625 0.2599203125 0.09920625 0.2524796875 0.0968921875 0.2447921875 0.0982140625 0.2395828125 0.101190625 0.2338796875 0.1094578125 0.23313437499999998 0.115740625 0.234375 0.1207015625 0.2388390625 0.12698437499999998 0.244046875 0.1292984375
1 0.6927078125 0.1408734375 0.7011406250000001 0.1425265625 0.7078375 0.1392203125 0.711309375 0.13459062500000002 0.71180625 0.12863750000000002 0.7103171875000001 0.12268593750000001 0.7068453124999999 0.11739375 0.70238125 0.11408750000000001 0.6932046875 0.112103125 0.6892359375 0.11342656250000001 0.6845234375 0.11706406250000001 0.68204375 0.1220234375 0.68204375 0.1273140625 0.6830359374999999 0.130290625 0.6857640625 0.13459062500000002 0.6927078125 0.1408734375
1 0.7713296875 0.726521875 0.778521875 0.7298281249999999 0.787203125 0.7294968749999999 0.7919140625 0.726190625 0.7963796875 0.72056875 0.7953875 0.7156078124999999 0.7986109375 0.7123015625 0.7988593749999999 0.7103171875000001 0.798115625 0.7010578125 0.796875 0.697090625 0.7904265625 0.6861765625 0.7829859375 0.6808859375 0.7767859374999999 0.6795640625 0.77108125 0.6812171874999999 0.7626484375 0.6894843749999999 0.759671875 0.697090625 0.7591765625 0.7010578125 0.7624015625 0.7139546875 0.7658734375 0.72056875 0.7713296875 0.726521875
1 0.3717765625 0.27414062499999997 0.3717765625 0.270503125 0.3688 0.266865625 0.3640875 0.2671953125 0.3618546875 0.270503125 0.3618546875 0.2754625 0.36483125 0.2784390625 0.3688 0.2781078125 0.3717765625 0.27414062499999997
1 0.3983140625 0.2476859375 0.399553125 0.244046875 0.398065625 0.24007968750000003 0.3958328125 0.23875625 0.391865625 0.2384265625 0.389384375 0.24206406249999998 0.389384375 0.2476859375 0.3923609375 0.24966875000000002 0.3963296875 0.24966875000000002 0.3983140625 0.2476859375
1 0.6029265625 0.2817453125 0.60391875 0.2797625 0.603421875 0.2748015625 0.599703125 0.27116406249999997 0.5947421875 0.27116406249999997 0.5920140625 0.27414062499999997 0.5917656250000001 0.27943125 0.5942453125 0.28306875 0.599703125 0.2837296875 0.6029265625 0.2817453125
1 0.5885421875 0.2635578125 0.5880453125 0.259590625 0.5858140625 0.25760625 0.581596875 0.25760625 0.5796125 0.2599203125 0.5791171875 0.2635578125 0.58358125 0.266534375 0.58680625 0.2658734375 0.5885421875 0.2635578125
1 0.619046875 0.4973546875 0.621528125 0.494378125 0.620784375 0.48644218749999996 0.6192953125 0.483796875 0.6143359375 0.48247343750000005 0.6113593749999999 0.483134375 0.6098703125 0.4847890625 0.6096234375 0.4920640625 0.6118546874999999 0.49603125 0.61483125 0.4976859375 0.619046875 0.4973546875
1 0.6063984375 0.5102515624999999 0.6063984375 0.505621875 0.603421875 0.5019843749999999 0.5994546875 0.5046296875 0.5989578125 0.509590625 0.599703125 0.5109125 0.6041671875 0.5122359375000001 0.6063984375 0.5102515624999999
1 0.5959828125 0.5291 0.5957343749999999 0.5214953125 0.5915171875 0.5185187499999999 0.5858140625 0.5195109375 0.5833328125 0.524140625 0.584325 0.5291 0.58755 0.5320765625 0.5917656250000001 0.5327375 0.5959828125 0.5291
1 0.38665625000000003 0.5343921875000001 0.3888890625 0.535053125 0.3923609375 0.5340609374999999 0.396578125 0.5291 0.39608125 0.5248015625 0.39260937500000004 0.519840625 0.3881453125 0.5191796875 0.383928125 0.5231484375 0.383184375 0.5251328125 0.3834328125 0.5297625 0.384425 0.5324078125 0.38665625000000003 0.5343921875000001
1 0.3618546875 0.498346875 0.3650796875 0.49669375000000004 0.3670640625 0.4900796875 0.3650796875 0.48545 0.3618546875 0.4841265625 0.3563984375 0.4857796875 0.35441406249999996 0.48941875 0.3546625 0.494378125 0.3571421875 0.498015625 0.35863125 0.498346875 0.3618546875 0.498346875