1 0.7215609374999999 0.634425 0.7285046875 0.637153125 0.7377640624999999 0.6383921875 0.748346875 0.6376484375 0.76058125 0.6321921875000001 0.7658734375 0.6267359375 0.7658734375 0.6185515625 0.759590625 0.6076390625 0.7519843749999999 0.6021828124999999 0.744378125 0.59920625 0.733465625 0.5974703124999999 0.7238749999999999 0.5984625 0.710978125 0.6014390625 0.7086640625 0.602678125 0.7050265625 0.6071421875 0.7056875 0.6118546874999999 0.704365625 0.6158234375 0.7103171875000001 0.6269843749999999 0.7215609374999999 0.634425
1 0.8025796875 0.2393359375 0.807209375 0.23983125 0.8134921875 0.238590625 0.8181218749999999 0.236359375 0.82010625 0.23363125 0.8187828125 0.227678125 0.814153125 0.2239578125 0.7989421875 0.21899843749999998 0.7870375000000001 0.22098281250000001 0.78306875 0.2224703125 0.7807546875 0.225446875 0.7804234375 0.228421875 0.781415625 0.2299109375 0.7900125 0.236359375 0.8025796875 0.2393359375
1 0.2357796875 0.1408734375 0.24338593749999998 0.140625 0.2529765625 0.13864062500000002 0.2582671875 0.13516875 0.25925937499999996 0.131696875 0.258928125 0.1297125 0.255621875 0.126240625 0.244709375 0.1232640625 0.22817500000000002 0.1240078125 0.22288437499999997 0.12599218750000002 0.218915625 0.1297125 0.218915625 0.1341765625 0.2209 0.136409375 0.2271828125 0.1391375 0.2357796875 0.1408734375
1 0.5800265625 0.4350203125 0.5839953125 0.431546875 0.5826718750000001 0.42733125000000005 0.5760578125 0.4250984375 0.568453125 0.42584375 0.56580625 0.4290671875 0.5654765625 0.431546875 0.5667984374999999 0.43353125 0.572090625 0.435515625 0.5800265625 0.4350203125
1 0.556878125 0.439484375 0.5562171874999999 0.4350203125 0.5499343750000001 0.43328437500000005 0.5469578125 0.43452343750000005 0.5469578125 0.43849218749999996 0.5486109375 0.44097187499999996 0.553240625 0.44122031249999993 0.556878125 0.439484375
1 0.5363749999999999 0.4474203125 0.534721875 0.443453125 0.531084375 0.44146875 0.5261250000000001 0.4407234375 0.52215625 0.44122031249999993 0.5185187499999999 0.4439484375 0.5178578125 0.447171875 0.5214953125 0.4506453125 0.5324078125 0.4506453125 0.5363749999999999 0.4474203125
1 0.26818749999999997 0.396578125 0.2675265625 0.39260937500000004 0.26322812500000003 0.3911203125 0.255290625 0.3908734375 0.251653125 0.3936015625 0.2513234375 0.396578125 0.255621875 0.399553125 0.2638890625 0.39930625000000003 0.26818749999999997 0.396578125
1 0.24239375000000002 0.3685515625 0.24338593749999998 0.36483125 0.2397484375 0.3618546875 0.23214218749999999 0.3616078125 0.22784374999999998 0.3640875 0.22784374999999998 0.36805625000000003 0.229496875 0.36954375 0.2364421875 0.3702875 0.24239375000000002 0.3685515625
1 0.6289687500000001 0.29885937500000004 0.6292984374999999 0.29489062499999996 0.62466875 0.29141875 0.6183859375 0.2904265625 0.6134265625 0.2924109375 0.6124343750000001 0.2953875 0.6150796875 0.2983625 0.62533125 0.299603125 0.6289687500000001 0.29885937500000004
1 0.61011875 0.28819374999999997 0.6130953124999999 0.283978125 0.6111109375 0.28050625 0.6071421875 0.2797625 0.6025125 0.28050625 0.5998671875 0.28224218749999996 0.600859375 0.2849703125 0.6048281249999999 0.28670625 0.6071421875 0.2889390625 0.61011875 0.28819374999999997
1 0.626653125 0.29191406249999996 0.62533125 0.29290625000000003 0.6240078125 0.2971234375 0.6223546875 0.29786718749999996 0.619046875 0.2971234375 0.6170640625 0.2986109375 0.6269843749999999 0.2991078125 0.6296296875 0.29489062499999996 0.626653125 0.29191406249999996
1 0.3736765625 0.232390625 0.37169375 0.22817500000000002 0.36474843749999997 0.2271828125 0.362103125 0.228421875 0.3611109375 0.23214218749999999 0.362103125 0.23263906250000002 0.369046875 0.2338796875 0.3736765625 0.232390625
1 0.3300265625 0.24082343750000001 0.3280421875 0.238590625 0.32275156250000003 0.23710312500000003 0.31878281249999996 0.23759843749999998 0.3171296875 0.23908749999999998 0.318121875 0.243303125 0.321428125 0.24429531249999997 0.32738125 0.244046875 0.3300265625 0.24082343750000001